[0.05811107772224897, 0.03608484874897376]
[0.0456506281480687, 0.05693238914927852]
[0.05407507393111838, 0.030463850833138385]
[0.046214987409542954, 0.03208560091536124]
[0.04962745193205649, 0.035902791256922625]
[0.04282445726074009, 0.032769047009433096]
[0.03651254140607778, 0.01929034338168219]
[0.03725721234034813, 0.026064578695989903]
[0.0389933058309508, 0.01679485480353806]
[0.03480390285209145, 0.03434794566148828]
[0.03319857728730091, 0.021344126629390465]
[0.027975201955269095, 0.021728493762101196]
[0.025748913117980613, 0.028991965925162812]
[0.02753405959388582, 0.015013794358420558]
[0.02101968537676733, 0.022416815235270268]
[0.026204139570644037, 0.020648936898145665]
[0.024270379654735486, 0.009823026508789356]
[0.024787938918259273, 0.016492509088837738]
[0.019449022865258337, 0.01996166429958192]
[0.02319005840173068, 0.012574930976459241]
[0.02329356953230698, 0.020124151717985705]
[0.0197518005051553, 0.01101669392468268]
[0.01803262694970368, 0.008289001590795465]
[0.019276983983636357, 0.014581367768581759]
[0.022494774862477286, 0.011693397403663094]
[0.01861835659758205, 0.010721669856739079]
[0.017136280069600975, 0.0076917502641111165]
[0.02016277910236025, 0.01125228868355278]
[0.019448104081785114, 0.009907008549963497]
[0.01890811670295812, 0.007553182432632902]
[0.017975763519415225, 0.008372928975215512]
[0.017608136174133933, 0.008617978736104098]
[0.018390891253972193, 0.012104098803479174]
[0.018688695988801254, 0.01172476816240743]
[0.014756607675180635, 0.010469404039145487]
[0.015018116844495633, 0.008907478018984345]
[0.016876940867521444, 0.009353759383847273]
[0.016162602777905443, 0.010070442973818174]
[0.017091882750160287, 0.009577677617977443]
[0.01945939241713334, 0.006671885036345028]
[0.018354301426146816, 0.012461385686345616]
[0.016478390877377524, 0.006680095826549826]
[0.01755470553265822, 0.009516270430337703]
[0.014871859407146568, 0.00788087468400584]
[0.01704399015802162, 0.00538603003467556]
[0.01589862050240086, 0.007764144972157093]
[0.016726677142070843, 0.008740887332555913]
[0.0166003768636266, 0.007050593903410002]
[0.014880263165532301, 0.007064260060328065]
[0.014755773886727004, 0.006902881406377565]
[0.012769712808878024, 0.006640777155210527]
[0.01981398688381306, 0.007613420752151488]
[0.015598412427744554, 0.009991844436979112]
[0.016525463301628802, 0.01023645681398914]
[0.014719362323590602, 0.007693774584475794]
[0.011594986186978145, 0.0056321356254598835]
[0.015543409681942816, 0.0070070338760396395]
[0.01648670778506718, 0.0065514820139838115]
[0.017729685997395113, 0.006122878068176274]
[0.013802769404790156, 0.008128902401180308]
[0.016259531458803593, 0.012818939203454366]
[0.017021185013882043, 0.009624683426648047]
[0.013949386656757615, 0.007266248505809432]
[0.013055163384429337, 0.006042491433390678]
[0.012939570583671076, 0.006257121925646524]
[0.015569258271438409, 0.0070495346479933435]
[0.01193779454367458, 0.005983347294059228]
[0.013659406052515966, 0.009177546606412219]
[0.01654519559972851, 0.006640044802582099]
[0.014054229086449432, 0.007129064467554486]
[0.012650969399841547, 0.008565357792991685]
[0.012538816746898808, 0.009065422769650087]
[0.012169624718637405, 0.006934791587143684]
[0.015159748986956552, 0.009830776769630512]
[0.01503850067640688, 0.008416558940990474]
[0.012355746384553092, 0.007351916721547469]
[0.012132871749128133, 0.007030386768033598]
[0.015762937304005374, 0.005490085379441352]
[0.013604607453588083, 0.006144542430421244]
[0.009887837578701606, 0.006764515223947096]
[0.011886837995096504, 0.005391047179926576]
[0.013485293047388016, 0.00881034432725156]
[0.012164429849726783, 0.00904234956657358]
[0.014947658237120773, 0.005789212337510156]
[0.014196606817672586, 0.00756945647990568]
[0.013900311080005445, 0.00781981681013771]
[0.012343080298478444, 0.0069960917397520715]
[0.016255584605759092, 0.007793055828950844]
[0.011842495599969024, 0.00491107788593818]
[0.01257609356713979, 0.005269990469921743]
[0.012585073331515277, 0.006385361748084928]
[0.01265638326687675, 0.014420537487606452]
[0.014156422187032478, 0.018737501147887817]
[0.013177719059921484, 0.005531053727790154]
[0.011694882961525658, 0.007384668055241322]
[0.009924651007232811, 0.005117745986825999]
[0.014418777802519132, 0.0057802097550154205]
[0.013463949405654064, 0.006664863813493231]
[0.013068742835720239, 0.005982276436261862]
[0.010879738228323717, 0.01429120668085143]
[0.012510471304988344, 0.004953692487361098]
[0.011881686542378214, 0.0043440100532578015]
[0.01080326070360479, 0.00770701036376752]
[0.011258582138882756, 0.008277081692790692]
[0.009876148067823207, 0.005120766953809117]
[0.01347746792383871, 0.010194938233759599]
[0.011398849213681908, 0.00658681602490126]
[0.011586335963517993, 0.004396694651065684]
[0.010098726280533994, 0.006438359106315627]
[0.012735847577182277, 0.0077604374966099565]
[0.0123564932059407, 0.005419975256566945]
[0.010223269258056706, 0.006941656109302526]
[0.009969537295734562, 0.005904471015020746]
[0.010586253883223692, 0.006317648330683288]
[0.010343740849209035, 0.00752739448293093]
[0.01018475811466841, 0.0051384224818838]
[0.010075741599540378, 0.005791450683298387]
[0.010021197523450466, 0.005990291029175927]
[0.010099417461408472, 0.009116897402112982]
[0.01102214219394533, 0.005697301416109244]
[0.011477889054544133, 0.006219313045241498]
[0.010139726881060369, 0.006679990425192049]
[0.012144119158393515, 0.007876503054704238]
[0.011055921720015294, 0.004171183522753542]
[0.012272901252085031, 0.006459935991450566]
[0.010990558735064632, 0.00913620185418608]
[0.0109255188973477, 0.005914472590166251]
[0.01111300538711904, 0.009245954702305397]
[0.009247368638902116, 0.00988999184880166]
[0.010924962357407567, 0.0054912764808440805]
[0.009436614713061571, 0.006210330769834696]
[0.010216507512396897, 0.008562356862873988]
[0.011410819436699735, 0.0059988823539601065]
[0.008985246254243125, 0.0077822026756648715]
[0.01339428738505754, 0.005570283972378546]
[0.009460401015597886, 0.00893269171462296]
[0.010922590472399674, 0.0065618951657028845]
[0.009923320534927636, 0.008669426167544866]
[0.009567536896550691, 0.008952108357720279]
[0.009208716676090457, 0.007022710871041492]
[0.01173342207337021, 0.007285475500282497]
[0.01361393048545707, 0.007734865980807805]
[0.009333926918164412, 0.005761856542127016]
[0.009944064405961548, 0.006407340839536611]
[0.011711876454972583, 0.005485492175888805]
[0.011202675324781803, 0.00480184272963125]
[0.011094263899284038, 0.007956676197042694]
[0.010682745127973126, 0.005713404090799995]
[0.011227954003418212, 0.005284582735156456]
[0.011405479494945404, 0.005472050613042791]
[0.011017267475551543, 0.007254181826413547]
[0.011621997806901489, 0.006553870068738088]
[0.01068210769573558, 0.005462450118112127]
[0.009120170747439905, 0.008785822310777246]
[0.013005362854403452, 0.00497735601238847]
[0.011320322002726996, 0.006612037366704346]
[0.010682703545796694, 0.0047214465880679665]
[0.011872513732745161, 0.004968348668782375]
[0.011741841490783835, 0.00761670049130546]
[0.011021988055227402, 0.006706226281178958]
[0.007813279927918543, 0.005667224594718022]
[0.009765271763223332, 0.009934965910992535]
[0.0118390917310569, 0.005782659149321929]
[0.012077266288278746, 0.00441768230242565]
[0.011672712071519454, 0.008648200713635177]
[0.011652413529402897, 0.005336761526926338]
[0.008823207008316316, 0.004524010006392509]
[0.009528862303862018, 0.005220384884097958]
[0.00922092629095849, 0.00506798674218039]
[0.010018664186907339, 0.005104189573975513]
[0.011358647085919174, 0.0054845134621616005]
[0.010025618426187979, 0.00521636934529082]
[0.012649210603470235, 0.006015430765086307]
[0.008479921308253072, 0.006230501052300878]
[0.009009255869772154, 0.004103716795314818]
[0.009021702649660249, 0.004309121011241462]
[0.00962820029449949, 0.004699279688681742]
[0.010920834861037478, 0.006632560687557076]
[0.01057092634560406, 0.007136248840613674]
[0.01034676105723827, 0.004256366251980071]
[0.010283829002895208, 0.006228886182082268]
[0.011764103952822503, 0.007953705709846007]
[0.010058087671526987, 0.004179339488072433]
[0.009385236394819946, 0.006289224666456365]
[0.009602772865221154, 0.003736290871600226]
[0.010155304904056497, 0.006863657072622765]
[0.010089371321091433, 0.006803879451121486]
[0.014106097074046961, 0.00594046382431011]
[0.00790482613716299, 0.00473638588319383]
[0.009987230575225409, 0.003618851452475433]
[0.007310752564314121, 0.00449947636721482]
[0.012657656356812139, 0.009616773929672098]
[0.008901808323354297, 0.006507282552038432]
[0.01016655690586342, 0.005231876055315082]
[0.00841162973792739, 0.005918786494199758]
[0.008384143177267966, 0.005246599403170555]
[0.00783277245687408, 0.006217866183762655]
[0.010535030119854297, 0.00500814259249445]
[0.0069971635840394494, 0.005268603170100545]
[0.009717826480066137, 0.005100157898580806]
[0.009449366319800437, 0.0053224082187499295]
[0.011105765471377866, 0.006680317267174285]
[0.008014753898015564, 0.004603857085903317]
[0.009264169880119761, 0.005828016995036836]
[0.01025283184851971, 0.006665672406220343]
[0.01026336166740359, 0.005548798502028822]
[0.008701038977704157, 0.004966945404204398]
[0.012557692797805714, 0.005881572970445239]
[0.010195734546367765, 0.00807015211695085]
[0.01049365816815076, 0.004319974874748545]
[0.007491001388257621, 0.004391657418102869]
[0.009303872879134149, 0.005023547387662945]
[0.009173820835155805, 0.005490623598100342]
[0.007311070099675104, 0.003934656598083929]
[0.009517201536256438, 0.004389671541934457]
[0.008657643317709492, 0.005131838170263326]
[0.00806092767777827, 0.006197080695122913]
[0.009112472653494009, 0.004910583629732011]
[0.010313463829984226, 0.0073214519113610375]
[0.008262565442921867, 0.006643742326227692]
[0.008641182713048564, 0.004722435242870193]
[0.010606571008768478, 0.00679495595445263]
[0.008602759706878838, 0.005873818883997961]
[0.008347972197418023, 0.00864622269166096]
[0.01053417758074201, 0.003114837104687648]
[0.008805679187229631, 0.006850948620878896]
[0.010115926613993168, 0.011504231949294853]
[0.011066977743870839, 0.007752980439972424]
[0.008994191101853191, 0.0037323068384667625]
[0.0075450052676568945, 0.005479475157201834]
[0.007397834472040687, 0.0038746420191014164]
[0.008795802912121167, 0.0039346113878208615]
[0.0080071815979828, 0.005247029795462067]
[0.008518899324370388, 0.006021060714450091]
[0.008628821686078546, 0.004712212953878626]
[0.008512086596894505, 0.005594390710825357]
[0.008848739983749953, 0.0024777456705288754]
[0.009994096979374319, 0.0034955578562518032]
[0.00853569228968863, 0.004054853005621995]
[0.009753952810068293, 0.005987290100069754]
[0.007125546525402794, 0.00538876139362319]
[0.009748884099678373, 0.005250390514174417]
[0.008851831921848546, 0.006353723398482016]
[0.009230936685933333, 0.004104062370134835]
[0.008216282572664274, 0.0048660417391578285]
[0.01238334137431732, 0.0029682943615198295]
[0.007400315579138474, 0.00403041775645549]
[0.008577253858920105, 0.0041354633494416]
[0.01057816424694779, 0.003813673173833887]
[0.006054768471042732, 0.004430620431496935]
[0.006739955723209581, 0.004250149299555148]
[0.007410857701966094, 0.004157276959236207]
[0.008866240645557357, 0.004776045768434458]
[0.008612306660504946, 0.003285855244626122]
[0.010941826894847628, 0.004553593412212038]
[0.009744516366830838, 0.0038293464584282936]
[0.009603408959050742, 0.00555989192480567]
[0.008969409214818522, 0.004222366983443545]
[0.009715350541343995, 0.003954505189586111]
[0.008404729085672679, 0.006747148823578174]
[0.008346008850848387, 0.004245730739153168]
[0.009013534897571987, 0.004884681255667045]
[0.010314698310299495, 0.005109347664025423]
[0.009511089019266446, 0.0026506138163297174]
[0.009486563143133866, 0.005255641930564548]
[0.007937957965046854, 0.004616813729614238]
[0.007421065363051647, 0.004973329882513138]
[0.010701630602522567, 0.00362740266651339]
[0.009406079234485332, 0.004095540619088446]
[0.00795052082584373, 0.002630622767039258]
[0.010643649407196195, 0.0033071296692812205]
[0.008176724714993814, 0.004056483284974885]
[0.0075304110792844105, 0.005595775291369846]
[0.007612089733118103, 0.004644789200177779]
[0.008105078745458068, 0.005518332742801217]
[0.009362887026286595, 0.006253889016529587]
[0.009178860908422685, 0.004000842037989482]
[0.00832865006057485, 0.004205475756777918]
[0.008772347693593079, 0.004113504275735893]
[0.012298070121114175, 0.005792104911540072]
[0.0067622114772325674, 0.004743000056195068]
[0.0069167600646659905, 0.0040896106008845795]
[0.008893273946247919, 0.005997186250317143]
[0.009184712788101415, 0.006261154129593832]
[0.007102888649878413, 0.006149830291881158]
[0.006998747902501675, 0.003877776465694558]
[0.007000351433783998, 0.00597243582794497]
[0.00854213543216785, 0.0031738260128016237]
[0.010530307402229887, 0.005846423997032778]
[0.009636427530211818, 0.00573834907850787]
[0.010116549015108525, 0.0059737527461090865]
[0.00850106359554495, 0.003935798884465828]
[0.008708250424403638, 0.005035589937870543]
[0.008501071465884552, 0.005313956967613592]
[0.008552746805616317, 0.003886557018060082]
[0.009527991403869918, 0.00483691508959983]
[0.009814177624382442, 0.005997764046272629]
[0.008316541956309839, 0.005208586400976916]
[0.007240063745460323, 0.004321328668782473]
[0.0060295447151894966, 0.0069982322864458706]
[0.007620301180433616, 0.00493125856060497]
[0.0076256852276235035, 0.005083464755624248]
[0.007588119371935986, 0.004049301814835469]
[0.010113676592425545, 0.0052202007934221]
[0.008803274813318582, 0.004065134685038471]
[0.010539335793909166, 0.0048542502753308025]
[0.009899224523532837, 0.004743176001659114]
[0.006482377214065917, 0.004059140972232767]
[0.009065847911376695, 0.0033437761855152673]
[0.010028896223320575, 0.0039037031527332016]
[0.00886117304828966, 0.00447855917623656]
[0.007719922296847429, 0.005470706252432375]
[0.008820808451532484, 0.004209051419099696]
[0.007776446796378563, 0.005116958691169871]
[0.006726934877635303, 0.003774150790905924]
[0.007795106105501647, 0.004378616939382324]
[0.008850753791320035, 0.004778858534892776]
[0.008674159664863833, 0.007825842685441573]
[0.006564618833270181, 0.003830191778910649]
[0.008113641230802243, 0.005616177821865515]
[0.008659547931109492, 0.004580108360474217]
[0.007411946130528508, 0.005210844432275624]
[0.008169986182757752, 0.005064530448718631]
[0.0063292911598957224, 0.00441458726094692]
[0.009634546938462628, 0.0036291892146210827]
[0.006925390120080798, 0.004949318218387342]
[0.010656045918616498, 0.004797602108173799]
[0.008276238485959134, 0.002750149114318946]
[0.008123834896368979, 0.004868278487301908]
[0.0072921204910198914, 0.00309708270928709]
[0.006626372578846622, 0.005310851907239953]
[0.007443485785097712, 0.0035977603238264563]
[0.008032126753859756, 0.003931912773675678]
[0.007544104064569157, 0.00454571698016227]
[0.007391055465618714, 0.003525784452722826]
[0.008226502575508842, 0.0034751879511803405]
[0.009151027517144191, 0.004340639336155446]
[0.008493830690577497, 0.003928661930838375]
[0.008932550911108228, 0.004174847499733047]
[0.009066272958860743, 0.003832782347927581]
